Figure 5 拆分模式对比
================================================================================

参数: num_trials=100, noise_num=10, num_epochs=500
with_repetition=False, repetition_position=None

(a) 扫描 T，比较 V-only vs U+V (N=100, M=500)
--------------------------------------------------------------------------------
T        V-only (%)      U+V (%)         Improvement    
--------------------------------------------------------------------------------
10       100.0           100.0           +0.0
20       100.0           100.0           +0.0
30       100.0           100.0           +0.0
40       95.0            100.0           +5.0
50       77.0            100.0           +23.0
60       26.0            99.0            +73.0
70       4.0             92.0            +88.0
80       1.0             45.0            +44.0
90       0.0             6.0             +6.0
100      0.0             1.0             +1.0
110      0.0             0.0             +0.0
120      0.0             0.0             +0.0
130      0.0             0.0             +0.0
140      0.0             0.0             +0.0

(b) 扫描 N_h，比较 V-only vs U+V (N=100, T=70)
--------------------------------------------------------------------------------
M        V-only (%)      U+V (%)         Improvement    
--------------------------------------------------------------------------------
100      0.0             13.0            +13.0
190      0.0             51.0            +51.0
280      1.0             73.0            +72.0
370      1.0             85.0            +84.0
460      1.0             92.0            +91.0
550      7.0             91.0            +84.0
640      13.0            96.0            +83.0
730      19.0            94.0            +75.0
820      31.0            94.0            +63.0
910      26.0            98.0            +72.0
1000     37.0            95.0            +58.0
