Figure 5 实验结果汇总（并行计算版）
================================================================================

实验参数: num_trials=100, noise_num=10, num_epochs=500
并行设置: 总共8核，使用6核，保留2核

(a) 扫描序列长度T (N=100, M=500)
--------------------------------------------------------------------------------
T        V-only (%)      U+V (%)         Improvement    
--------------------------------------------------------------------------------
10       100.0           100.0           +0.0
20       100.0           100.0           +0.0
30       100.0           100.0           +0.0
40       94.0            100.0           +6.0
50       66.0            100.0           +34.0
60       32.0            100.0           +68.0
70       5.0             92.0            +87.0
80       1.0             51.0            +50.0
90       0.0             10.0            +10.0
100      0.0             1.0             +1.0
110      0.0             0.0             +0.0
120      0.0             0.0             +0.0
130      0.0             0.0             +0.0
140      0.0             0.0             +0.0


(b) 扫描隐藏层大小M (N=100, T=70)
--------------------------------------------------------------------------------
M        V-only (%)      U+V (%)         Improvement    
--------------------------------------------------------------------------------
100      0.0             10.0            +10.0
200      0.0             53.0            +53.0
300      1.0             78.0            +77.0
400      2.0             83.0            +81.0
500      5.0             93.0            +88.0
600      10.0            95.0            +85.0
700      14.0            95.0            +81.0
800      25.0            93.0            +68.0
900      26.0            93.0            +67.0
1000     39.0            96.0            +57.0
